1	0.0 
2	0.0 
3	0.0 
4	0.0 
5	0.0 
6	0.0 
7	0.0 
8	0.0 
9	0.0 
10	0.0 
11	0.0 
12	0.0 
13	0.0 
14	0.0 
15	0.0 
16	0.0 
17	0.0 
18	0.0 
19	0.0 
20	0.0 
21	0.0 
22	0.0 
23	0.0 
24	0.0 
25	0.0 
26	0.0 
27	0.0 
28	0.0 
29	0.0 
30	0.0 
31	0.0 
32	0.0 
33	0.0 
34	0.0 
35	0.0 
36	0.0 
37	0.0 
38	0.0 
39	0.0 
40	0.0 
41	0.0 
42	0.0 
43	0.0 
44	0.0 
45	0.0 
46	0.0 
47	0.0 
48	0.0 
49	0.0 
50	0.0 
51	0.0 
52	0.0 
53	0.0 
54	0.0 
55	0.0 
56	0.0 
57	-2.88 
58	4.799999999999999 
59	9.84 
60	16.14 
61	21.0 
62	20.556 
63	21.048 
64	22.607999999999997 
65	27.017999999999994 
66	28.019999999999992 
67	28.739999999999995 
68	32.004 
69	35.406000000000006 
70	38.493 
71	34.653000000000006 
72	38.07300000000001 
73	36.93900000000001 
74	37.942800000000005 
75	40.1037 
76	41.4537 
77	46.1577 
78	48.3039 
79	49.762499999999996 
80	51.27512999999999 
81	50.08652999999999 
82	53.37932999999999 
83	56.59568999999999 
84	56.971289999999996 
85	58.87819439999999 
86	58.87819439999999 
87	58.87819439999999 
88	58.87819439999999 
89	58.87819439999999 
90	58.87819439999999 
91	58.87819439999999 
92	58.87819439999999 
93	58.87819439999999 
94	58.87819439999999 
95	58.87819439999999 
96	58.87819439999999 
97	58.87819439999999 
98	58.87819439999999 
99	58.87819439999999 
100	58.87819439999999 
101	58.87819439999999 
102	58.87819439999999 
103	58.87819439999999 
104	58.87819439999999 
105	58.87819439999999 
106	58.87819439999999 
107	58.87819439999999 
108	58.87819439999999 
109	58.87819439999999 
110	58.87819439999999 
111	58.87819439999999 
112	58.87819439999999 
113	58.87819439999999 
114	58.87819439999999 
115	58.87819439999999 
116	58.87819439999999 
117	58.87819439999999 
118	58.87819439999999 
119	58.87819439999999 
120	58.87819439999999 
121	58.87819439999999 
122	58.87819439999999 
123	58.87819439999999 
124	58.87819439999999 
125	58.87819439999999 
126	58.87819439999999 
127	58.87819439999999 
128	58.87819439999999 
129	58.87819439999999 
130	58.87819439999999 
131	58.87819439999999 
132	58.87819439999999 
133	58.87819439999999 
134	58.87819439999999 
135	58.87819439999999 
136	58.87819439999999 
137	58.87819439999999 
138	58.87819439999999 
139	58.87819439999999 
140	58.87819439999999 
141	58.87819439999999 
142	58.87819439999999 
143	58.87819439999999 
144	58.87819439999999 
145	58.87819439999999 
146	58.87819439999999 
147	58.87819439999999 
148	58.87819439999999 
149	58.87819439999999 
150	61.61617439999999 
151	61.30537439999999 
152	59.6853744 
153	61.352354399999996 
154	63.204291 
155	64.149291 
156	66.454251 
157	68.705703 
158	68.511747 
159	69.84658008 
160	70.72858007999999 
161	71.38772807999999 
162	72.63252407999998 
163	74.00875487999998 
164	74.943138036 
165	75.560538036 
166	74.21342163599999 
167	72.905421636 
168	72.54578319599999 
169	73.1998514052 
170	72.49425140519999 
171	71.50817540519999 
172	72.3597758052 
173	71.2407758052 
174	68.8407758052 
175	70.00766180519999 
176	70.73220860519999 
177	71.60356580519998 
178	72.27791889719998 
179	77.15645864363998 
180	77.36616884364 
181	77.65210736364 
182	78.15616736364 
183	78.15616736364 
184	78.15616736364 
185	78.15616736364 
186	78.15616736364 
187	78.15616736364 
188	78.15616736364 
189	78.15616736364 
190	78.15616736364 
191	78.15616736364 
192	78.15616736364 
193	78.15616736364 
194	78.15616736364 
195	77.79472452803999 
196	77.29803252804 
197	78.33732252803999 
198	77.11092252803999 
199	77.67765456803998 
200	76.80174456803998 
201	76.01672239054798 
202	80.14772239054798 
203	80.81549811454798 
204	79.88648751454798 
205	80.87775051454798 
206	85.47375051454799 
207	86.20125351454797 
208	86.20301751454798 
209	85.587297514548 
210	85.86730952962799 
211	86.12694962538359 
212	85.6254767653836 
213	85.7655866401836 
214	86.14112224818358 
215	86.8350063481836 
216	86.48732194818358 
217	86.13629094618358 
218	86.36195887818359 
219	86.55501368418358 
220	87.04073255418358 
221	86.4620316872125 
222	86.8163198858125 
223	85.53916624581251 
224	84.6502523654125 
225	84.82755458496851 
226	84.98887291208875 
227	85.23687465110875 
228	85.34765765546875 
229	85.53167010338875 
230	85.53167010338875 
231	85.53167010338875 
232	85.53167010338875 
233	85.53167010338875 
234	85.53167010338875 
235	85.53167010338875 
236	85.53167010338875 
237	85.53167010338875 
238	85.53167010338875 
239	85.53167010338875 
240	85.53167010338875 
241	85.53167010338875 
242	85.53167010338875 
243	85.53167010338875 
244	85.53167010338875 
245	85.53167010338875 
246	85.53167010338875 
247	85.53167010338875 
248	85.53167010338875 
249	85.53167010338875 
250	85.53167010338875 
251	85.53167010338875 
252	85.53167010338875 
253	85.53167010338875 
254	85.53167010338875 
255	85.53167010338875 
256	85.53167010338875 
257	85.53167010338875 
258	85.53167010338875 
259	85.53167010338875 
260	85.53167010338875 
261	85.53167010338875 
262	85.53167010338875 
263	85.53167010338875 
264	85.53167010338875 
265	85.53167010338875 
266	85.53167010338875 
267	85.53167010338875 
268	85.53167010338875 
269	85.53167010338875 
270	85.53167010338875 
271	85.53167010338875 
272	85.53167010338875 
273	85.53167010338875 
274	85.53167010338875 
275	85.53167010338875 
276	85.53167010338875 
277	85.53167010338875 
278	85.53167010338875 
279	85.53167010338875 
280	85.53167010338875 
281	85.53167010338875 
282	85.53167010338875 
283	85.53167010338875 
284	85.53167010338875 
285	85.53167010338875 
286	85.53167010338875 
287	85.53167010338875 
288	85.53167010338875 
289	85.53167010338875 
290	85.53167010338875 
291	85.53167010338875 
292	85.53167010338875 
293	85.53167010338875 
294	85.53167010338875 
295	85.53167010338875 
296	85.53167010338875 
297	85.53167010338875 
298	85.53167010338875 
299	85.53167010338875 
300	85.53167010338875 
301	85.53167010338875 
302	85.53167010338875 
303	85.53167010338875 
304	85.53167010338875 
305	84.33509010338875 
306	86.66165867857292 
307	86.11419907488693 
308	86.27216662728692 
309	86.96182090728692 
310	87.28625915358693 
311	88.52105915358693 
312	88.67889825200673 
313	88.73519963865873 
314	88.90585983726272 
315	88.69112714465192 
316	89.83815314728083 
317	89.9486405161747 
318	89.0707714868311 
319	89.55352948283111 
320	89.40321659800354 
321	90.20613479984378 
322	90.28347595806947 
323	90.2425542744695 
324	90.53530701069228 
325	90.43008799131299 
326	90.99213073260117 
327	91.04626954335916 
328	90.31265523003916 
329	89.64154143003915 
330	89.74224393447366 
331	89.86835405847367 
332	93.06035405847366 
333	93.21361603914967 
334	93.30958753646563 
335	93.72603030887562 
336	93.86110302377733 
337	93.60204972689942 
338	93.06106311337263 
339	92.72137453141264 
340	92.76024964520379 
341	92.76024964520379 
342	92.76024964520379 
343	92.76024964520379 
344	92.76024964520379 
345	92.76024964520379 
346	92.76024964520379 
347	92.76024964520379 
348	92.76024964520379 
349	92.76024964520379 
350	92.76024964520379 
351	92.76024964520379 
352	92.76024964520379 
353	92.76024964520379 
354	92.76024964520379 
355	92.76024964520379 
356	92.76024964520379 
357	92.76024964520379 
358	92.76024964520379 
359	92.76024964520379 
360	92.76024964520379 
361	92.76024964520379 
362	92.76024964520379 
363	92.76024964520379 
364	92.76024964520379 
365	92.76024964520379 
366	92.76024964520379 
367	92.76024964520379 
368	92.76024964520379 
369	92.76024964520379 
370	92.76024964520379 
371	92.76024964520379 
372	93.03565058843499 
373	95.58439728062046 
374	94.96493928062046 
375	94.65088848062047 
376	94.67810106027426 
377	95.90104370427426 
378	97.59889370427426 
379	97.61766138373375 
380	97.67619783185492 
381	97.77411541385491 
382	97.84030104415676 
383	99.09345972868658 
384	99.17202287483946 
385	99.21299838852426 
386	103.4233271833453 
387	103.50562948279659 
388	103.0099454827966 
389	103.01296764573173 
390	103.19569677835973 
391	103.19569677835973 
392	103.19569677835973 
393	103.19569677835973 
394	103.19569677835973 
395	103.19569677835973 
396	103.19569677835973 
397	103.19569677835973 
398	103.19569677835973 
399	103.19569677835973 
400	103.19569677835973 
401	103.19569677835973 
402	103.19569677835973 
403	103.19569677835973 
404	103.19569677835973 
405	103.19569677835973 
406	103.19569677835973 
407	103.19569677835973 
408	103.19569677835973 
409	103.19569677835973 
410	103.19569677835973 
411	103.19569677835973 
412	103.19569677835973 
413	103.19569677835973 
414	103.19569677835973 
415	103.19569677835973 
416	103.19569677835973 
417	103.19569677835973 
418	103.19569677835973 
419	103.19569677835973 
420	103.19569677835973 
421	103.19569677835973 
422	103.19569677835973 
423	103.19569677835973 
424	103.19569677835973 
425	103.19569677835973 
426	103.19569677835973 
427	103.19569677835973 
428	103.19569677835973 
429	103.19569677835973 
430	103.19569677835973 
431	103.19569677835973 
432	103.19569677835973 
433	103.19569677835973 
434	103.19569677835973 
435	103.19569677835973 
436	103.19569677835973 
437	103.19569677835973 
438	103.19569677835973 
439	103.19569677835973 
440	103.19569677835973 
441	103.19569677835973 
442	103.19569677835973 
443	103.19569677835973 
444	103.19569677835973 
445	103.19569677835973 
446	103.47813078929637 
447	103.52363631681227 
448	103.54243666039164 
449	103.54455217444627 
450	103.01592451802563 
451	105.96315467440036 
452	105.32887907440035 
453	105.59804718981997 
454	105.12005610981998 
455	105.31709266465955 
456	107.56669246465955 
457	107.75689388778866 
458	107.62060032858241 
459	107.66355742779251 
460	107.72779378179251 
461	107.24212636179251 
462	108.16812477832451 
463	109.03878564688011 
464	109.03878564688011 
465	109.03878564688011 
466	109.03878564688011 
467	109.03878564688011 
468	109.03878564688011 
469	109.03878564688011 
470	109.03878564688011 
471	109.03878564688011 
472	109.03878564688011 
473	109.03878564688011 
474	109.03878564688011 
475	109.03878564688011 
476	109.03878564688011 
477	109.03878564688011 
478	109.03878564688011 
479	109.03878564688011 
480	109.03878564688011 
481	109.03878564688011 
482	109.03878564688011 
483	109.03878564688011 
484	109.03878564688011 
485	109.03878564688011 
486	109.03878564688011 
487	109.03878564688011 
488	109.03878564688011 
489	109.03878564688011 
490	109.03878564688011 
491	109.03878564688011 
492	109.03878564688011 
493	109.03679698876687 
494	109.1747225771546 
495	110.75650137715459 
496	110.3125084571546 
497	110.11288978224056 
498	110.1405310891216 
499	110.18973404149855 
500	110.32314800749856 
501	110.97134689907095 
502	111.58080950705988 
503	111.24621575105988 
504	111.30949333596988 
505	112.38709094796985 
506	112.45281075172892 
507	112.82733793972892 
508	112.38927424120894 
509	112.16693121002592 
510	111.79847921768157 
511	111.82964635033443 
512	111.77416308193443 
513	111.76018638073444 
514	111.78634706402832 
515	111.71877168089063 
516	111.76457760179372 
517	111.97447785150598 
518	111.66783326254198 
519	111.2910821803897 
520	111.05310514458971 
521	111.08516928922187 
522	110.73928122922186 
523	110.72949753838186 
524	110.74637415104716 
525	111.26873571104716 
526	111.29031715324753 
527	111.29201438173153 
528	111.31136329654827 
529	111.38052235166859 
530	111.38833793365116 
531	111.16664395301434 
532	111.26984695926771 
533	111.07308159277227 
534	110.63683910077228 
535	110.64231000816005 
536	110.56831595433712 
537	110.49995940475735 
538	110.49561779934972 
539	110.52916894116971 
540	111.02503070171527 
541	111.03560560839345 
542	111.03560560839345 
543	111.03560560839345 
544	111.03560560839345 
545	111.03560560839345 
546	111.03560560839345 
547	111.03560560839345 
548	111.03560560839345 
549	111.03560560839345 
550	111.03560560839345 
551	111.03560560839345 
552	111.03560560839345 
553	111.03560560839345 
554	111.03560560839345 
555	111.03560560839345 
556	111.03560560839345 
557	111.03560560839345 
558	111.03560560839345 
559	111.03560560839345 
560	111.03560560839345 
561	111.03560560839345 
562	111.03560560839345 
563	111.03560560839345 
564	111.03560560839345 
565	111.03560560839345 
566	111.03560560839345 
567	111.03560560839345 
568	111.0717319503506 
569	111.0702168093576 
570	111.11862814794183 
571	111.06899777550373 
572	112.01521636337026 
573	112.06578583643442 
574	111.9280500798876 
575	111.75892564232161 
576	111.80944364534749 
577	112.21395865685408 
578	112.16593664903999 
579	112.06182434297997 
580	111.94343723668376 
581	111.9787998388019 
582	111.98976457234446 
583	111.93116125246445 
584	111.93779793024657 
585	111.94519809300093 
586	112.29193677366825 
587	112.29931592069661 
588	112.27586962419073 
589	112.2083791034828 
590	112.22048262534173 
591	112.31901060396773 
592	112.26187811959846 
593	112.16536304715864 
594	112.15699048077828 
595	112.16546294607953 
596	112.16708428111333 
597	112.22281029526243 
598	112.25800374290853 
599	112.21076037841297 
600	112.25227188687097 
601	112.25340682139466 
602	112.26105442257526 
603	112.28568983592753 
604	112.31424758443353 
605	112.32356628955434 
606	112.34080656738323 
607	112.99294125032998 
608	112.99294125032998 
609	112.99294125032998 
610	112.99294125032998 
611	112.99294125032998 
612	112.99294125032998 
613	112.99294125032998 
614	112.99294125032998 
615	112.99294125032998 
616	112.99294125032998 
617	112.99294125032998 
618	112.99294125032998 
619	112.99294125032998 
620	112.99294125032998 
621	112.99294125032998 
622	112.99294125032998 
623	112.99294125032998 
624	112.99294125032998 
625	112.99294125032998 
626	112.99294125032998 
627	112.99294125032998 
628	112.99294125032998 
629	112.99294125032998 
630	112.99294125032998 
631	112.99294125032998 
632	112.99294125032998 
633	112.99294125032998 
634	112.99294125032998 
635	112.99294125032998 
636	112.99294125032998 
637	112.99294125032998 
638	112.99294125032998 
639	112.99294125032998 
640	112.99294125032998 
641	112.99294125032998 
642	112.99294125032998 
643	112.99294125032998 
644	112.99294125032998 
645	112.99294125032998 
646	112.99294125032998 
647	112.99294125032998 
648	112.99294125032998 
649	112.99294125032998 
650	112.99294125032998 
651	112.99294125032998 
652	112.99294125032998 
653	112.99294125032998 
654	112.99294125032998 
655	112.99294125032998 
656	112.99294125032998 
657	112.99294125032998 
658	112.99294125032998 
659	112.99294125032998 
660	112.99294125032998 
661	112.99294125032998 
662	112.99294125032998 
663	112.99294125032998 
664	112.99294125032998 
665	112.99294125032998 
666	112.99294125032998 
667	112.99294125032998 
668	112.99294125032998 
669	112.99294125032998 
670	112.99294125032998 
671	112.99294125032998 
672	112.99294125032998 
673	112.99294125032998 
674	112.99294125032998 
675	112.99294125032998 
676	112.99294125032998 
677	112.99294125032998 
678	112.99294125032998 
679	112.99294125032998 
680	112.99294125032998 
681	112.99294125032998 
682	112.99294125032998 
683	112.99294125032998 
684	112.99294125032998 
685	112.99294125032998 
686	112.99294125032998 
687	112.99294125032998 
688	112.99294125032998 
689	112.99294125032998 
690	112.99294125032998 
691	112.99294125032998 
692	112.99294125032998 
693	112.99294125032998 
694	112.99294125032998 
695	112.99294125032998 
696	112.99294125032998 
697	112.99294125032998 
698	112.99294125032998 
699	112.99294125032998 
700	112.99294125032998 
701	112.99294125032998 
702	112.99606669679476 
703	112.99353112482753 
704	113.00496928774469 
705	113.34097483174469 
706	113.61698250980743 
707	113.61917032233279 
708	113.62164671361762 
709	113.55039377325762 
710	113.56246196773785 
711	113.75566734238176 
712	113.70222613455566 
713	113.7015064303895 
714	113.7070895067951 
715	113.94229338759511 
716	114.07753714984584 
717	114.26111692246046 
718	114.26271038879594 
719	114.26570020361834 
720	114.25586710019833 
721	114.25716659545351 
722	114.09622629997526 
723	114.0973417264101 
724	114.10057168543293 
725	114.20734732955492 
726	114.20825697623354 
727	114.21669272322899 
728	114.23849026641867 
729	114.25373024711939 
730	114.3578667653436 
731	114.2959598615436 
732	114.37501998954359 
733	114.34057445202983 
734	114.27724484823246 
735	114.31808119641896 
736	114.38408165987296 
737	114.47403574845411 
738	114.24689795576883 
739	114.25756594225935 
740	114.25756594225935 
741	114.25756594225935 
742	114.25756594225935 
743	114.25756594225935 
744	114.25756594225935 
745	114.25756594225935 
746	114.25756594225935 
747	114.25756594225935 
748	114.25756594225935 
749	114.25756594225935 
750	114.25756594225935 
751	114.25756594225935 
752	114.25756594225935 
753	114.25756594225935 
754	114.25756594225935 
755	114.25756594225935 
756	114.25756594225935 
757	114.25756594225935 
758	114.25756594225935 
759	114.25756594225935 
760	114.25756594225935 
761	114.25756594225935 
762	114.25756594225935 
763	114.25756594225935 
764	114.25756594225935 
765	114.25756594225935 
766	114.25756594225935 
767	114.25756594225935 
768	114.25756594225935 
769	114.25756594225935 
770	114.25756594225935 
771	114.25756594225935 
772	114.25756594225935 
773	114.25756594225935 
774	114.25756594225935 
775	114.25756594225935 
776	114.25756594225935 
777	114.25756594225935 
778	114.25756594225935 
779	114.25756594225935 
780	114.25756594225935 
781	114.25756594225935 
782	114.25756594225935 
783	114.25756594225935 
784	114.25756594225935 
785	114.25756594225935 
786	114.25756594225935 
787	114.25756594225935 
788	114.25756594225935 
789	114.25756594225935 
790	114.25756594225935 
791	114.25756594225935 
792	114.25756594225935 
793	114.25756594225935 
794	114.25756594225935 
795	114.25756594225935 
796	114.25756594225935 
797	114.25756594225935 
798	114.25756594225935 
799	114.25756594225935 
800	114.25756594225935 
801	114.25756594225935 
802	114.25756594225935 
803	114.25756594225935 
804	114.25756594225935 
805	114.25756594225935 
806	114.25756594225935 
807	114.25756594225935 
808	114.25756594225935 
809	114.25756594225935 
810	114.25756594225935 
811	114.25756594225935 
812	114.25756594225935 
813	114.25756594225935 
814	114.25756594225935 
815	114.25756594225935 
816	114.3026608559602 
817	114.30310932260105 
818	114.36607718460786 
819	114.36649339169111 
820	114.36759493304189 
821	114.29760379578366 
822	114.29791772243223 
823	114.18273873134788 
824	114.18303007630615 
825	114.186951157533 
826	114.19908053005952 
827	114.1361338443975 
828	114.05550855063846 
829	113.89402725094686 
830	113.89535550332953 
831	113.90941340883964 
832	113.90481309764165 
833	113.90481309764165 
834	113.90770655886108 
835	113.88343956387637 
836	113.76749857794047 
837	113.70489883491486 
838	113.70849246637127 
839	113.67592112803234 
840	113.56460007854531 
841	113.56552985521316 
842	113.52976848868977 
843	113.49947643549686 
844	113.44156886056962 
845	113.44171161959916 
846	113.45464333649838 
847	113.46448387035548 
848	113.47041585058447 
849	113.45381426113579 
850	113.43679606716253 
851	113.438485364245 
852	113.44434774145813 
853	113.82101236825815 
854	113.78047706580907 
855	113.77886723056872 
856	113.77951807423625 
857	113.81855958973347 
858	114.15459256607085 
859	114.19866427354964 
860	114.18673620200121 
861	114.18719179256848 
862	114.19201365415844 
863	114.22419703898441 
864	114.22489292843649 
865	114.14576709158762 
866	114.14619442430002 
867	114.17208722435471 
868	114.18546104025931 
869	114.19209517325012 
870	114.1367070874559 
871	114.14173103555777 
872	114.16157944140397 
873	114.38353732551653 
874	114.38402444813299 
875	114.3756747980491 
876	114.37596377830072 
877	114.37883634313515 
878	114.36396159183688 
879	114.34700626462667 
880	114.3618475725204 
881	114.3653557084027 
882	114.3653557084027 
883	114.3653557084027 
884	114.3653557084027 
885	114.3653557084027 
886	114.3653557084027 
887	114.3653557084027 
888	114.3653557084027 
889	114.3653557084027 
890	114.3653557084027 
891	114.3653557084027 
892	114.3653557084027 
893	114.3653557084027 
894	114.3653557084027 
895	114.3653557084027 
896	114.3653557084027 
897	114.3653557084027 
898	114.3653557084027 
899	114.3653557084027 
900	114.3653557084027 
901	114.3653557084027 
902	114.3653557084027 
903	114.3653557084027 
904	114.3653557084027 
905	114.3653557084027 
906	114.3653557084027 
907	114.3653557084027 
908	114.3653557084027 
909	114.3653557084027 
910	114.3653557084027 
911	114.3653557084027 
912	114.3653557084027 
913	114.3653557084027 
914	114.3653557084027 
915	114.3653557084027 
916	114.3653557084027 
917	114.3653557084027 
918	114.3653557084027 
919	114.3653557084027 
920	114.3653557084027 
921	114.3653557084027 
922	114.3653557084027 
923	114.3653557084027 
924	114.3653557084027 
925	114.3653557084027 
926	114.3653557084027 
927	114.3653557084027 
928	114.3653557084027 
929	114.3653557084027 
930	114.37374070400297 
931	114.36332837809418 
932	114.38492269616945 
933	114.37822992998493 
934	114.37842617670874 
935	114.35920893355889 
936	114.39099129722983 
937	114.36725853388099 
938	114.36729771146476 
939	114.2849862176235 
940	114.25431234354095 
941	114.25435071731945 
942	114.25458940740151 
943	114.26497464080947 
944	114.26742314897885 
945	114.24595143712105 
946	114.40127344385647 
947	114.40275851593005 
948	114.40219482267442 
949	114.40390877839299 
950	114.38648557606966 
951	114.38650483969398 
952	114.38667164197531 
953	114.3866946845639 
954	114.32907311727041 
955	114.33540696156791 
956	114.28214127476457 
957	114.2740030564914 
958	114.28068537168896 
959	114.28175728756558 
960	114.28341118609094 
961	114.28342434829698 
962	114.29853935494118 
963	114.2985554847532 
964	114.29868536147286 
965	114.2998430904406 
966	114.26255688404657 
967	114.24572467210248 
968	114.24573596297091 
969	114.24693400638762 
970	114.23381329659833 
971	114.23382235220035 
972	114.2444028568513 
973	114.20620736379287 
974	114.16643960561684 
975	114.16643960561684 
976	114.16643960561684 
977	114.16643960561684 
978	114.16643960561684 
979	114.16643960561684 
980	114.16643960561684 
981	114.16643960561684 
982	114.16643960561684 
983	114.16643960561684 
984	114.16643960561684 
985	114.16643960561684 
986	114.16643960561684 
987	114.16643960561684 
988	114.16643960561684 
989	114.16643960561684 
990	114.16643960561684 
991	114.16643960561684 
992	114.16643960561684 
993	114.16643960561684 
994	114.16643960561684 
995	114.16643960561684 
996	114.16643960561684 
997	114.16643960561684 
998	114.16643960561684 
999	114.16643960561684 
1000	114.16643960561684 
1001	114.16643960561684 
1002	114.16643960561684 
1003	114.16643960561684 
1004	114.16643960561684 
1005	114.16643960561684 
1006	114.16643960561684 
1007	114.16643960561684 
1008	114.16643960561684 
1009	114.16643960561684 
1010	114.16643960561684 
1011	114.16643960561684 
1012	114.16643960561684 
1013	114.16643960561684 
1014	114.16643960561684 
1015	114.16643960561684 
1016	114.16643960561684 
1017	114.16643960561684 
1018	114.16643960561684 
1019	114.16643960561684 
1020	114.16643960561684 
1021	114.16643960561684 
1022	114.16643960561684 
1023	114.16725001589428 
1024	114.282509326778 
1025	114.28991568003364 
1026	114.26317883489277 
1027	114.26326925122167 
1028	114.2743990857311 
1029	114.24829863069577 
1030	114.21353485376174 
1031	114.21862085223528 
1032	114.19038543872419 
1033	114.19044861822427 
1034	114.20615071885935 
1035	114.19871535669654 
1036	114.20186761099023 
1037	114.20677441927768 
1038	114.20817302922336 
1039	114.21275935422253 
1040	114.21348669104766 
1041	114.21280304219023 
1042	114.21280304219023 
1043	114.21280304219023 
1044	114.21280304219023 
1045	114.21280304219023 
1046	114.21280304219023 
1047	114.21280304219023 
1048	114.21280304219023 
1049	114.21280304219023 
1050	114.21280304219023 
1051	114.21280304219023 
1052	114.21280304219023 
1053	114.21280304219023 
1054	114.2157140581475 
1055	114.20569702703132 
1056	114.20570141010215 
1057	114.21088582434808 
1058	114.20678323287544 
1059	114.2088209440455 
1060	114.2092171970229 
1061	114.20922026517249 
1062	114.20972937782696 
1063	114.2068575637961 
1064	114.18709277433834 
1065	114.18807120765935 
1066	114.19058367914954 
1067	114.1703183990612 
1068	114.15409087394676 
1069	114.15467750090768 
1070	114.14754729687411 
1071	114.1402245734529 
1072	114.13434958169188 
1073	114.13435324219299 
1074	114.13453415457141 
1075	114.13472831853035 
1076	114.12960241213551 
1077	114.1332314859215 
1078	114.12013043180244 
1079	114.1062948761685 
1080	114.1092216783781 
1081	114.18531807360324 
1082	114.17361571428614 
1083	114.17536006317584 
1084	114.17539081444751 
1085	114.1754328919653 
1086	114.18963040683848 
1087	114.17970041959519 
1088	114.17768989717614 
1089	114.12292182195547 
1090	114.13133749869705 
1091	114.13133825747205 
1092	114.1331165115584 
1093	114.1341379155061 
1094	114.1359440588167 
1095	114.13603919915658 
1096	114.13245054344739 
1097	114.1254995523771 
1098	114.11632881449377 
1099	114.1163503403839 
1100	114.11637965211317 
1101	114.11386759311672 
1102	114.09801568099037 
1103	114.09660831529705 
1104	114.06533743263743 
1105	114.06533743263743 
1106	114.06533743263743 
1107	114.06533743263743 
1108	114.06533743263743 
1109	114.06533743263743 
1110	114.06533743263743 
1111	114.06533743263743 
1112	114.06533743263743 
1113	114.06533743263743 
1114	114.06533743263743 
1115	114.06533743263743 
1116	114.06533743263743 
1117	114.06533743263743 
1118	114.06533743263743 
1119	114.06533743263743 
1120	114.06533743263743 
1121	114.06533743263743 
1122	114.06533743263743 
1123	114.06533743263743 
1124	114.06533743263743 
1125	114.06533743263743 
1126	114.06021936112903 
1127	114.06021963686744 
1128	114.06023920241816 
1129	114.05925404643284 
1130	114.05926911455595 
1131	114.05568646450007 
1132	114.04510701504086 
1133	114.03681592565142 
1134	114.03767056996645 
1135	114.03884869463627 
1136	114.03932768103827 
1137	114.0375691661243 
1138	114.03211216659025 
1139	114.03211331052825 
1140	114.03212385821442 
1141	114.03441308205035 
1142	114.0366603140606 
1143	114.03375268725453 
1144	114.03375348801113 
1145	114.03457817528 
1146	114.04022498466425 
1147	114.04560883965677 
1148	114.04073317691484 
1149	114.04073373744444 
1150	114.04083229771729 
1151	114.04223263531316 
1152	114.0422327343529 
1153	114.03817010055208 
1154	114.03544934087306 
1155	114.03545671441866 
1156	114.03293911832743 
1157	114.03828078018961 
1158	114.03264067711581 
1159	114.03264106948654 
1160	114.03264106948654 
1161	114.03264106948654 
1162	114.03264106948654 
1163	114.03264106948654 
1164	114.03324626669703 
1165	114.0248268054707 
1166	114.07985225339644 
1167	114.07985695959617 
1168	114.07971764195659 
1169	114.0577154581127 
1170	114.05773153146072 
1171	114.06147069476424 
1172	114.05752262261257 
1173	114.0568329441703 
1174	114.05683810565222 
1175	114.05700243221033 
1176	114.05700250153815 
1177	114.05787384215417 
1178	114.0556819353075 
1179	114.04022205103952 
1180	114.03167652017349 
1181	114.03167652017349 
1182	114.03167656870296 
1183	114.03192601381383 
1184	114.0319262060755 
1185	114.0319262060755 
1186	114.0319262060755 
1187	114.0319262060755 
1188	114.0319262060755 
1189	114.0319262060755 
1190	114.0319262060755 
1191	114.0319262060755 
1192	114.0319262060755 
1193	114.0319262060755 
1194	114.0319262060755 
1195	114.0319262060755 
1196	114.0319262060755 
1197	114.0319262060755 
1198	114.0319262060755 
1199	114.0319262060755 
1200	114.0319262060755 
1201	114.0319262060755 
1202	114.0211042870879 
1203	114.02111548025374 
1204	114.00832613598098 
1205	114.0083294256961 
1206	114.00799148325939 
1207	114.00799325938232 
1208	114.0080010945984 
1209	114.00677004278805 
1210	114.00677234558864 
1211	114.00667476850049 
1212	114.00713552103755 
1213	113.99937536588611 
1214	114.03743289204654 
1215	114.03606502680154 
1216	114.03659482618067 
1217	114.03009446496125 
1218	114.02466235635524 
1219	114.02434015518395 
1220	114.02434176649118 
1221	114.02434186069937 
1222	114.0168337217728 
1223	114.01390260468577 
1224	114.01329939536132 
1225	114.01347400356244 
1226	114.01389274184677 
1227	114.01389398513282 
1228	114.01391428971152 
1229	114.0049617487206 
1230	114.0040042422718 
1231	114.00261244713955 
1232	114.00261331743978 
1233	114.00261878812256 
1234	113.9963520094289 
1235	113.99635313679988 
1236	113.99527910244501 
1237	113.99527971165517 
1238	113.9962410389342 
1239	113.99808767410038 
1240	113.99808846326006 
1241	113.99733663921167 
1242	113.99733706565878 
1243	113.99733706565878 
1244	113.99733706565878 
1245	113.99733706565878 
1246	113.99733706565878 
1247	113.99733706565878 
1248	113.99733706565878 
1249	113.99733706565878 
1250	113.99733706565878 
1251	113.99733706565878 
1252	113.99733706565878 
1253	113.99733706565878 
1254	113.99733706565878 
1255	113.99733706565878 
1256	113.99733706565878 
1257	113.99733706565878 
1258	113.99733706565878 
1259	113.99733706565878 
1260	113.99733706565878 
1261	113.99733706565878 
1262	113.99733706565878 
1263	113.99733706565878 
1264	113.99733706565878 
1265	113.99733706565878 
1266	113.99733706565878 
1267	113.99733706565878 
1268	113.99733706565878 
1269	113.99733706565878 
1270	113.99733706565878 
1271	113.99733706565878 
1272	113.99733706565878 
1273	113.99733706565878 
1274	113.99733706565878 
1275	113.99733706565878 
1276	113.99733706565878 
1277	113.99733706565878 
1278	113.99733706565878 
1279	113.99733706565878 
1280	113.99733706565878 
1281	113.99733706565878 
1282	113.99733706565878 
1283	113.99733706565878 
1284	113.99733706565878 
1285	113.99733706565878 
1286	113.99733706565878 
1287	113.99733706565878 
1288	113.99733706565878 
1289	113.9973397491117 
1290	114.02344047202159 
1291	114.0220452410933 
1292	114.02204530603129 
1293	114.01763477106441 
1294	114.01774972637936 
1295	114.01904236802501 
1296	114.01739506482937 
1297	114.01126757709096 
1298	114.01146328334585 
1299	114.01146515979002 
1300	114.03096673957538 
1301	114.02818229425715 
1302	114.02804550916092 
1303	114.0282256660623 
1304	114.02735564480295 
1305	114.03575824734148 
1306	114.03460513510453 
1307	114.03455730355535 
1308	114.02925353547263 
1309	114.02992470771159 
1310	114.02992471431332 
1311	114.03053464665308 
1312	114.03050116456865 
1313	114.0305315255699 
1314	114.03053217083365 
1315	114.03053217545488 
1316	114.029724996889 
1317	114.02962924732165 
1318	114.02640303430147 
1319	114.02913548627811 
1320	114.0287132279824 
1321	114.02529394593572 
1322	114.0254991268556 
1323	114.02549927352382 
1324	114.02596890147865 
1325	114.0265350754834 
1326	114.0245006768211 
1327	114.024477239362 
1328	114.02471193036666 
1329	114.02471224722257 
1330	114.02561709318667 
1331	114.02561709318667 
1332	114.02561709318667 
1333	114.02561709318667 
1334	114.02561709318667 
1335	114.02561709318667 
1336	114.02561709318667 
1337	114.02561728275535 
1338	114.02576090939925 
1339	114.0257609815445 
1340	114.02614573139459 
1341	114.02286810088006 
1342	114.02152938992289 
1343	114.0214134737109 
1344	114.02141352421258 
1345	114.01959162055685 
1346	114.01959162257916 
1347	114.01859476723463 
1348	114.0185277420076 
1349	114.01481499390177 
1350	114.01276880102485 
1351	114.0126239664294 
1352	114.0126240593557 
1353	114.01262407457641 
1354	114.01267235350046 
1355	114.01228482845939 
1356	114.01003393772248 
1357	114.01003400277091 
1358	114.00962365306316 
1359	114.00965744831 
1360	114.00935880180926 
1361	114.01891457590408 
1362	114.01891462143796 
1363	114.01891462893676 
1364	114.01891462893676 
1365	114.01891462893676 
1366	114.01891462893676 
1367	114.01891462893676 
1368	114.01891462893676 
1369	114.01891462893676 
1370	114.01891462893676 
1371	114.01891462893676 
1372	114.01891462893676 
1373	114.01891462893676 
1374	114.01891462893676 
1375	114.01891462893676 
1376	114.01891462893676 
1377	114.01891462893676 
1378	114.01891462893676 
1379	114.01891462893676 
1380	114.01891462893676 
1381	114.01891462893676 
1382	114.01891462893676 
1383	114.01891462893676 
1384	114.01891462893676 
1385	114.01891462893676 
1386	114.01891462893676 
1387	114.01891462893676 
1388	114.01891462893676 
1389	114.01891462893676 
1390	114.01891462893676 
1391	114.01891462893676 
1392	114.01891462893676 
1393	114.01891462893676 
1394	114.01891462893676 
1395	114.01891462893676 
1396	114.01891462893676 
1397	114.01891462893676 
1398	114.01891462893676 
1399	114.01891462893676 
1400	114.01891462893676 
1401	114.01891462893676 
1402	114.01891462893676 
1403	114.01891462893676 
1404	114.01891462893676 
1405	114.01891462893676 
1406	114.01891462893676 
1407	114.01893588053709 
1408	114.01793049956066 
1409	114.02419728132465 
1410	114.02349942161337 
1411	114.0190050052374 
1412	114.01907205516929 
1413	114.01886300261876 
1414	114.01928526389213 
1415	114.01905536645752 
1416	114.0190553701604 
1417	114.01905538741578 
1418	114.01924391484232 
1419	114.02363066207711 
1420	114.02123691636965 
1421	114.02094966673658 
1422	114.01835073060414 
1423	114.01822360534541 
1424	114.01822360534541 
1425	114.01822360534541 
1426	114.01822360534541 
1427	114.01822360534541 
1428	114.01822360534541 
1429	114.01822360534541 
1430	114.01822360534541 
1431	114.01822360534541 
1432	114.01822360534541 
1433	114.01822360534541 
1434	114.01822360534541 
1435	114.01822360534541 
1436	114.01822360534541 
1437	114.01822360534541 
1438	114.01822360534541 
1439	114.01822360534541 
1440	114.01822360534541 
1441	114.01822360534541 
1442	114.01822360534541 
1443	114.01822360534541 
1444	114.01822360534541 
1445	114.01822360534541 
1446	114.01822360534541 
1447	114.01822360534541 
1448	114.01822360534541 
1449	114.01822360534541 
1450	114.01822360534541 
1451	114.01822360534541 
1452	114.01822360534541 
1453	114.01822360534541 
1454	114.01822360534541 
1455	114.01822360534541 
1456	114.01822360534541 
1457	114.01822360534541 
1458	114.01822360534541 
1459	114.01822360534541 
1460	114.01822360534541 
1461	114.01822360534541 
1462	114.01822360534541 
1463	114.01822360534541 
1464	114.01822360534541 
1465	114.01822360534541 
1466	114.01822360534541 
1467	114.01822360534541 
1468	114.01822360534541 
1469	114.01822360534541 
1470	114.01822360534541 
1471	114.01822360534541 
1472	114.01822360534541 
1473	114.01822360534541 
1474	114.01822360534541 
1475	114.01822360534541 
1476	114.01822360534541 
1477	114.01822360534541 
1478	114.01822360534541 
1479	114.01822360534541 
1480	114.01822360534541 
1481	114.01822360534541 
1482	114.01822360534541 
1483	114.01822360534541 
1484	114.01822360534541 
1485	114.0215899106013 
1486	114.02158992622847 
1487	114.02157350674798 
1488	114.01941234461421 
1489	114.01870857793071 
1490	114.01863760885907 
1491	114.0173889237253 
1492	114.01419591080158 
1493	114.01432573550498 
1494	114.01619565061078 
1495	114.01619565122668 
1496	114.0161956621657 
1497	114.01391225399084 
1498	114.013922667275 
1499	114.01522224923403 
1500	114.01774944389658 
1501	114.0178093341584 
1502	114.016210948436 
1503	114.01626515551122 
1504	114.01717486288256 
1505	114.01717486288256 
1506	114.01717487053543 
1507	114.01697379526189 
1508	114.0154264971466 
1509	114.01607743921603 
1510	114.01502418159498 
1511	114.015024186952 
1512	114.01394507720887 
1513	114.01400141046976 
1514	114.0136214227817 
1515	114.01362142312458 
1516	114.01362142687451 
1517	114.01358858444412 
1518	114.01248199337819 
1519	114.01292776585261 
1520	114.01418793149763 
1521	114.01418793412256 
1522	114.01343255730237 
1523	114.0134792035006 
1524	114.0135679981845 
1525	114.014450114136 
1526	114.01311623958706 
1527	114.01258747581294 
1528	114.01078477165667 
1529	114.01084000705346 
1530	114.01089171329515 
1531	114.0108917151326 
1532	114.01048182079731 
1533	114.01049791948594 
1534	114.0104048747236 
1535	114.01118535320131 
1536	114.01148421992401 
1537	114.01147272534726 
1538	114.01067512192961 
1539	114.0106033899386 
1540	114.01060339017862 
1541	114.01060339017862 
1542	114.01060339017862 
1543	114.01060339017862 
1544	114.01060339017862 
1545	114.01060339017862 
1546	114.01060339017862 
1547	114.01060339017862 
1548	114.01060339017862 
1549	114.01060339017862 
1550	114.01060339017862 
1551	114.01060339017862 
1552	114.01060339017862 
1553	114.01060339017862 
1554	114.01060339017862 
1555	114.01060339017862 
1556	114.01060339017862 
1557	114.01060339017862 
1558	114.01060339017862 
1559	114.01060339017862 
1560	114.01060339017862 
1561	114.01060339017862 
1562	114.01060339017862 
1563	114.01060339017862 
1564	114.01060339017862 
1565	114.01060339017862 
1566	114.01060339017862 
1567	114.01060339017862 
1568	114.01060339017862 
1569	114.01060339017862 
1570	114.01060339017862 
1571	114.01060339017862 
1572	114.01060339017862 
1573	114.01060339017862 
1574	114.01060339017862 
1575	114.01060339017862 
1576	114.01060339017862 
1577	114.01060339017862 
1578	114.01060339017862 
1579	114.01060339017862 
1580	114.01060339017862 
1581	114.01060339017862 
1582	114.01060339017862 
1583	114.01060339017862 
1584	114.01060339017862 
1585	114.01060339017862 
1586	114.01060339017862 
1587	114.01060339017862 
1588	114.01060339017862 
1589	114.01060339017862 
1590	114.01060339017862 
1591	114.01060339017862 
1592	114.01060339017862 
1593	114.01060339017862 
1594	114.01060339017862 
1595	114.01060339017862 
1596	114.01060339017862 
1597	114.01015678927217 
1598	114.01015678952669 
1599	114.0101567936857 
1600	114.01015681259545 
1601	114.01015681276348 
1602	114.01015681404918 
1603	114.01015681422733 
1604	114.01015681713865 
1605	114.01047577875266 
1606	114.01044100381752 
1607	114.00982914810199 
1608	114.00957005374657 
1609	114.00773824673074 
1610	114.00778351216586 
1611	114.00704623169588 
1612	114.00704623259588 
1613	114.00688248929035 
1614	114.00649166360449 
1615	114.00649167684134 
1616	114.00597558051231 
1617	114.00597558051231 
1618	114.00597558051231 
1619	114.00597558051231 
1620	114.00597558051231 
1621	114.00597558051231 
1622	114.00597558051231 
1623	114.00597558051231 
1624	114.00597558051231 
1625	114.00597558051231 
1626	114.00597558051231 
1627	114.00597558051231 
1628	114.00597558051231 
1629	114.00597558051231 
1630	114.00597558051231 
1631	114.00597558051231 
1632	114.00597558051231 
1633	114.00597558051231 
1634	114.00597558051231 
1635	114.00597558051231 
1636	114.00597558051231 
1637	114.00597558051231 
1638	114.00597558051231 
1639	114.00597558051231 
1640	114.00597558051231 
1641	114.00597558051231 
1642	114.00597558051231 
1643	114.00597558051231 
1644	114.00597558051231 
1645	114.00597558051231 
1646	114.00597558051231 
1647	114.00597558051231 
1648	114.00597558051231 
1649	114.00597558051231 
1650	114.00597558051231 
1651	114.00597558051231 
1652	114.00597558051231 
1653	114.00597558051231 
1654	114.00597558051231 
1655	114.00597558051231 
1656	114.00597558051231 
1657	114.00597558051231 
1658	114.00597558051231 
1659	114.00597558051231 
1660	114.00597558051231 
1661	114.00597558051231 
1662	114.00597558051231 
1663	114.00597558051231 
1664	114.00597558051231 
1665	114.00597558051231 
1666	114.00597558051231 
1667	114.00597558051231 
1668	114.00597558051231 
1669	114.00597558051231 
1670	114.00597558051231 
1671	114.00597558051231 
1672	114.00597558051231 
1673	114.00597558051231 
1674	114.00597558051231 
1675	114.00597558051231 
1676	114.00597558051231 
1677	114.00597558051231 
1678	114.00597558051231 
1679	114.00578005835003 
1680	114.00578005844416 
1681	114.00461504124668 
1682	114.00427019540929 
1683	114.00470243222553 
1684	114.0048049435114 
1685	114.00477711194998 
1686	114.00478221442413 
1687	114.0047822235762 
1688	114.00467384333672 
1689	114.00456119357308 
1690	114.00454171148006 
1691	114.00454171148006 
1692	114.00454171148006 
1693	114.00454171148006 
1694	114.00454171148006 
1695	114.00454171148006 
1696	114.00454171148006 
1697	114.00454171148006 
1698	114.00454171148006 
1699	114.00454171148006 
1700	114.00454171148006 
1701	114.00454171148006 
1702	114.00454171148006 
1703	114.00454171148006 
1704	114.00454171148006 
1705	114.00454171148006 
1706	114.00454171148006 
1707	114.00454171148006 
1708	114.00454171148006 
1709	114.00454171148006 
1710	114.00454171148006 
1711	114.00454171148006 
1712	114.00454171148006 
1713	114.00454171148006 
1714	114.00454171148006 
1715	114.00454171148006 
1716	114.00454171148006 
1717	114.00454171148006 
1718	114.00454171148006 
1719	114.00454171148006 
1720	114.00454171148006 
1721	114.00454171148006 
1722	114.0039212757598 
1723	114.00414431695982 
1724	114.0041199745052 
1725	114.0041199751349 
1726	114.00400535482103 
1727	114.00400535684562 
1728	114.00400860404875 
1729	114.00375571685791 
1730	114.00349234723916 
1731	114.00342337804582 
1732	114.00323187345589 
1733	114.0032318798066 
1734	114.00305485877304 
1735	114.00281548241472 
1736	114.00290797425853 
1737	114.00290797567305 
1738	114.00291024867622 
1739	114.00313694827997 
1740	114.00296938482914 
1741	114.00303412911983 
1742	114.00303413010998 
1743	114.0030611816728 
1744	114.0029372669493 
1745	114.00239186947621 
1746	114.00221050339104 
1747	114.00177369887354 
1748	114.0017926349675 
1749	114.0017926350024 
1750	114.00179263521851 
1751	114.0017926352508 
1752	114.00148687208853 
1753	114.00149174267828 
1754	114.0021251337043 
1755	114.00212513385556 
1756	114.00212119113094 
1757	114.00213245644547 
1758	114.00213245644547 
1759	114.00213245644547 
1760	114.00213245644547 
1761	114.00213245644547 
1762	114.00213245644547 
1763	114.00213245644547 
1764	114.00213245644547 
1765	114.00213245644547 
1766	114.00213245644547 
1767	114.00213245644547 
1768	114.00213245644547 
1769	114.00213245644547 
1770	114.00213245644547 
1771	114.00213245644547 
1772	114.00213245644547 
1773	114.00213245644547 
1774	114.00213245644547 
1775	114.00213245644547 
1776	114.00213245644547 
1777	114.00213245644547 
1778	114.00213245644547 
1779	114.00213245644547 
1780	114.00213245644547 
1781	114.00213245644547 
1782	114.00213245644547 
1783	114.00213245644547 
1784	114.00213245644547 
1785	114.00213245644547 
1786	114.00213245644547 
1787	114.00213245644547 
1788	114.00213245644547 
1789	114.00213245644547 
1790	114.00213245644547 
1791	114.00213245644547 
1792	114.00213245644547 
1793	114.00213245644547 
1794	114.00213245644547 
1795	114.00213245644547 
1796	114.00213245644547 
1797	114.00213245644547 
1798	114.00213245644547 
1799	114.00213245644547 
1800	114.00213245644547 
1801	114.00213245644547 
1802	114.00213245644547 
1803	114.00213245644547 
1804	114.00213245644547 
1805	114.00213245644547 
1806	114.00213245644547 
1807	114.00213245644547 
1808	114.00213245644547 
1809	114.00213245644547 
1810	114.00213245644547 
1811	114.00213245644547 
1812	114.00213245644547 
1813	114.00213245644547 
1814	114.00213245644547 
1815	114.00213245644547 
1816	114.00213245644547 
1817	114.00213245644547 
1818	114.00213245644547 
1819	114.00213245644547 
1820	114.00213245644547 
1821	114.00213245644547 
1822	114.00213245644547 
1823	114.00213245644547 
1824	114.00213245644547 
1825	114.00213245644547 
1826	114.00213245644547 
1827	114.00213245644547 
1828	114.00213245644547 
1829	114.00213245644547 
1830	114.00213245644547 
1831	114.00213245644547 
1832	114.00213245644547 
1833	114.00213245644547 
1834	114.00213245644547 
1835	114.00213245644547 
1836	114.00213245644547 
1837	114.00213245644547 
1838	114.00213245644547 
1839	114.00213245644547 
1840	114.00213245644547 
1841	114.00213245644547 
1842	114.00213245644547 
1843	114.00213245644547 
1844	114.00213245644547 
1845	114.00213245644547 
1846	114.00213245644547 
1847	114.00213245644547 
1848	114.00213245644547 
1849	114.00213245644547 
1850	114.00213245644547 
1851	114.00213245644547 
1852	114.00213245644547 
1853	114.00213245644547 
1854	114.00213245644547 
1855	114.00213245644547 
1856	114.00213245644547 
1857	114.00213245644547 
1858	114.00213245644547 
1859	114.00189106413852 
1860	114.00189106415812 
1861	114.00194129468801 
1862	114.00199055843868 
1863	114.00177652412367 
1864	114.00177652628858 
1865	114.00168978597608 
1866	114.00145519681895 
1867	114.00145243691172 
1868	114.00145243708046 
1869	114.00128346245624 
1870	114.00128346246824 
1871	114.00128346254235 
1872	114.00126966869368 
1873	114.00132068777182 
1874	114.00147357108804 
1875	114.00147357109643 
1876	114.00137681881972 
1877	114.00124986254403 
1878	114.00114340851698 
1879	114.00114681790052 
1880	114.00159019161131 
1881	114.00160457125966 
1882	114.00151570186668 
1883	114.00136587779646 
1884	114.00131564831217 
1885	114.00148367604042 
1886	114.00140156985024 
1887	114.00142570908925 
1888	114.00143382325389 
1889	114.0013986626149 
1890	114.00138673479873 
1891	114.00138673483504 
1892	114.00136983737043 
1893	114.00127064035384 
1894	114.0011523581123 
1895	114.00118713309645 
1896	114.00118713312187 
1897	114.00118713312187 
1898	114.00118713312187 
1899	114.00118713312187 
1900	114.00118713312187 
1901	114.00118713312187 
1902	114.00118713312187 
1903	114.00118713312187 
1904	114.00118713312187 
1905	114.00118713312187 
1906	114.00118713312187 
1907	114.00118713312187 
1908	114.00118713312187 
1909	114.00118713312187 
1910	114.00118713312187 
1911	114.00118713312187 
1912	114.00118713312187 
1913	114.00118713312187 
1914	114.00118713312187 
1915	114.00118713312187 
1916	114.00118713312187 
1917	114.00118713312187 
1918	114.00118713312187 
1919	114.00118713312187 
1920	114.00118713312187 
1921	114.00118713312187 
1922	114.00118713312187 
1923	114.00118713312187 
1924	114.00118713312187 
1925	114.00118713312187 
1926	114.00118713312187 
1927	114.00118713312187 
1928	114.00118713312187 
1929	114.00118713312187 
1930	114.00118713312187 
1931	114.00118713312187 
1932	114.00118713312187 
1933	114.00118713312187 
1934	114.00118713312187 
1935	114.00118713312187 
1936	114.00118713312187 
1937	114.00118713312187 
1938	114.00118713312187 
1939	114.00118713312187 
1940	114.00118713312187 
1941	114.00118713312187 
1942	114.00118713312187 
1943	114.00118713312187 
1944	114.00118713312187 
1945	114.00118713312187 
1946	114.00118713312187 
1947	114.00118713312187 
1948	114.00118713312187 
1949	114.00118713312187 
1950	114.00118713312187 
1951	114.00118713312187 
1952	114.00118713312867 
1953	114.00118963333354 
1954	114.00119201989881 
1955	114.00150238149554 
1956	114.0014449071439 
1957	114.00144490714867 
1958	114.00135895537869 
1959	114.00127615780737 
1960	114.00130050029627 
1961	114.00105743297739 
1962	114.00105743298072 
1963	114.00105743306297 
1964	114.00103282061566 
1965	114.00103282061797 
1966	114.00099258857182 
1967	114.00093037999403 
1968	114.0009358998893 
1969	114.0009375704834 
1970	114.00093757048502 
1971	114.00093757049375 
1972	114.00093757049375 
1973	114.00093757049375 
1974	114.00093757049375 
1975	114.00093757049375 
1976	114.00093757049375 
1977	114.00093757049375 
1978	114.00093757049375 
1979	114.00093757049375 
1980	114.00093757049375 
1981	114.00093757049375 
1982	114.00093757049375 
1983	114.00093757049375 
1984	114.00093757049375 
1985	114.00093757049375 
1986	114.00093757049375 
1987	114.00093757049375 
1988	114.00093757049375 
1989	114.00093757049375 
1990	114.00093757049375 
1991	114.00093757049375 
1992	114.00093757049375 
1993	114.00093757049375 
1994	114.00093757049375 
1995	114.00093757049375 
1996	114.00093757049375 
1997	114.00093757049375 
1998	114.00093757049375 
1999	114.00093757049375 
2000	114.00093757049375 
2001	114.00093757049375 
2002	114.00093757049375 
2003	114.00093757049375 
2004	114.00093757049375 
2005	114.00093757049375 
2006	114.00093757049375 
2007	114.00093757049375 
2008	114.00093757049375 
2009	114.00093757049375 
2010	114.00093757049375 
2011	114.00093757049375 
2012	114.00093757049375 
2013	114.00093757049375 
2014	114.00093757049375 
2015	114.00093757049375 
2016	114.00093757049375 
2017	114.00093757049375 
2018	114.00093757049375 
2019	114.00093757049375 
2020	114.00093757049375 
2021	114.00093757049375 
2022	114.00093757049375 
2023	114.00093757049375 
2024	114.00093757049375 
2025	114.00093757049375 
2026	114.00093757049375 
2027	114.00093757049375 
2028	114.00093757049375 
2029	114.00093757049375 
2030	114.00093757049375 
2031	114.00093757049375 
2032	114.00093757049375 
2033	114.00093757049375 
2034	114.00093757049565 
2035	114.00093757053617 
2036	114.00093757089735 
2037	114.00107852537906 
2038	114.0010885911329 
2039	114.00107732615713 
2040	114.00093822622848 
2041	114.0009514796116 
2042	114.00095147961274 
2043	114.00095147961883 
2044	114.00091976183862 
2045	114.00087378158494 
2046	114.00098196827412 
2047	114.00119922139095 
2048	114.00079690080932 
2049	114.0007527811326 
2050	114.00072059495503 
2051	114.0007049569218 
2052	114.00092124446877 
2053	114.00080629573294 
2054	114.00079841024991 
2055	114.0008177297123 
2056	114.00075977141049 
2057	114.00075977141114 
2058	114.00076681743882 
2059	114.00074316098906 
2060	114.00075843473559 
2061	114.00075843491257 
2062	114.00075843491302 
2063	114.00047681050499 
2064	114.00046726427426 
2065	114.00044859783661 
2066	114.0005235100527 
2067	114.00060584363956 
2068	114.00057768120001 
2069	114.00055443932297 
2070	114.00055443932297 
2071	114.00055443934272 
2072	114.00056453512448 
2073	114.00055869049338 
2074	114.0005586904944 
2075	114.00055537859134 
2076	114.00055537860517 
2077	114.000556492333 
2078	114.000556492333 
2079	114.00055649233373 
2080	114.0005509724955 
2081	114.00048381157247 
2082	114.00049567922511 
2083	114.0005591573673 
2084	114.00050395898292 
2085	114.00050009509617 
2086	114.0004641223186 
2087	114.00050082933033 
2088	114.00049673808856 
2089	114.00049673808905 
2090	114.00047540054689 
2091	114.00047540055368 
2092	114.00047597356684 
2093	114.00047310969758 
2094	114.00047310969794 
2095	114.00047890552841 
2096	114.00045494967709 
2097	114.00045572928639 
2098	114.00045572928639 
2099	114.00045572928639 
2100	114.00045572928639 
2101	114.00045572928656 
2102	114.0004557292868 
2103	114.00045572928722 
2104	114.00044468942828 
2105	114.00047038433647 
2106	114.00046837962799 
2107	114.00047331184736 
2108	114.00045837556773 
2109	114.00047181803028 
2110	114.00047181807277 
2111	114.00047041477684 
2112	114.00035131179061 
2113	114.00034860706981 
2114	114.00035523364053 
2115	114.00037362114287 
2116	114.00038554896182 
2117	114.00033267663335 
2118	114.00033074469007 
2119	114.00033352784789 
2120	114.00033352787761 
2121	114.00037603063362 
2122	114.00033660321637 
2123	114.00032848905397 
2124	114.00032934662377 
2125	114.00032934664458 
2126	114.00035909857378 
2127	114.00039425994464 
2128	114.00038390237768 
2129	114.00036822392241 
2130	114.00036850469866 
2131	114.00032501963551 
2132	114.00032743642299 
2133	114.00032554311844 
2134	114.00032824784256 
2135	114.00032879356883 
2136	114.00033714304212 
2137	114.00031742933353 
2138	114.0003121280807 
2139	114.00031212808301 
2140	114.0003186221322 
2141	114.00031862213224 
2142	114.00032031388348 
2143	114.00032031388359 
2144	114.00030797521923 
2145	114.00030817176257 
2146	114.0002784198334 
2147	114.00025137262507 
2148	114.00025542970634 
2149	114.00025542970751 
2150	114.00025542971765 
2151	114.00032069076751 
2152	114.00032069076751 
2153	114.00032069076751 
2154	114.0003068911715 
2155	114.00030689117156 
2156	114.00030689117239 
2157	114.00030689117949 
2158	114.00030689117952 
2159	114.0002972314623 
2160	114.00029871905875 
2161	114.0002993193576 
2162	114.0002993193576 
2163	114.0002993193576 
2164	114.00030386518688 
2165	114.00030386518688 
2166	114.00030504941276 
2167	114.00030317504124 
2168	114.00030317504178 
2169	114.00030649469909 
2170	114.00045857188059 
2171	114.00048318484016 
2172	114.00048318484022 
2173	114.00048318484022 
2174	114.00048318484022 
2175	114.00048454858751 
2176	114.00049713906648 
2177	114.00049713906648 
2178	114.0004979680246 
2179	114.0004979680246 
2180	114.0004979680246 
2181	114.0004979680246 
2182	114.0004979680246 
2183	114.0004979680246 
2184	114.0004979680246 
2185	114.0004979680246 
2186	114.0004979680246 
2187	114.0004979680246 
2188	114.0004979680246 
2189	114.0004979680246 
2190	114.0004979680246 
2191	114.0004979680246 
2192	114.0004979680246 
2193	114.0004979680246 
2194	114.0004979680246 
2195	114.0004979680246 
2196	114.0004979680246 
2197	114.0004979680246 
2198	114.0004979680246 
2199	114.0004979680246 
2200	114.0004979680246 
2201	114.0004979680246 
2202	114.0004979680246 
2203	114.0004979680246 
2204	114.0004979680246 
2205	114.0004979680246 
2206	114.0004979680246 
2207	114.0004979680246 
2208	114.0004979680246 
2209	114.0004979680246 
2210	114.0004979680246 
2211	114.0004979680246 
2212	114.0004979680246 
2213	114.0004979680246 
2214	114.0004979680246 
2215	114.0004979680246 
2216	114.0004979680246 
2217	114.0004979680246 
2218	114.0004979680246 
2219	114.0004979680246 
2220	114.0004979680246 
2221	114.0004979680246 
2222	114.0004979680246 
2223	114.0004979680246 
2224	114.0004979680246 
2225	114.0004979680246 
2226	114.0004979680246 
2227	114.0004979680246 
2228	114.0004979680246 
2229	114.0004979680246 
2230	114.0004979680246 
2231	114.0004979680246 
2232	114.0004979680246 
2233	114.0004979680246 
2234	114.0004979680246 
2235	114.0004979680246 
2236	114.0004979680246 
2237	114.0004979680246 
2238	114.0004979680246 
2239	114.0004979680246 
2240	114.0004979680246 
2241	114.00049191050962 
2242	114.00049191051 
2243	114.00050110585119 
2244	114.00048027950075 
2245	114.0004802795008 
2246	114.00047833129042 
2247	114.00048064480418 
2248	114.00048064480666 
2249	114.00047995719163 
2250	114.00028340037521 
2251	114.000285388345 
2252	114.00028568249145 
2253	114.00028568249316 
2254	114.00031678678276 
2255	114.00031719297225 
2256	114.00031719297225 
2257	114.00031719297225 
2258	114.00031719297225 
2259	114.00031719297225 
2260	114.00031719297225 
2261	114.00031719297225 
2262	114.00031719297225 
2263	114.00031719297225 
2264	114.00031719297225 
2265	114.00031719297225 
2266	114.00031719297225 
2267	114.00031719297225 
2268	114.00031719297225 
2269	114.00031719297225 
2270	114.00031719297225 
2271	114.00031719297225 
2272	114.00031719297225 
2273	114.00031719297225 
2274	114.00031719297225 
2275	114.00031719297225 
2276	114.00031719297225 
2277	114.00031719297225 
2278	114.00031719297225 
2279	114.00031719297225 
2280	114.00031719297225 
2281	114.00031719297225 
2282	114.00031719297225 
2283	114.00031719297225 
2284	114.00031719297225 
2285	114.00031719297225 
2286	114.00031719297225 
2287	114.00031719297225 
2288	114.00031719297225 
2289	114.00031719297225 
2290	114.00031719297225 
2291	114.00031719297225 
2292	114.00031719297225 
2293	114.00031490092216 
2294	114.00029853595466 
2295	114.00030085971478 
2296	114.00030085971478 
2297	114.00016286375384 
2298	114.0001605966622 
2299	114.0001608025647 
2300	114.00016086997906 
2301	114.0001662332798 
2302	114.00015947147774 
2303	114.00014901608183 
2304	114.00014997070495 
2305	114.00014997070615 
2306	114.00016864039334 
2307	114.00016390713189 
2308	114.0001625433846 
2309	114.0001671819811 
2310	114.0001687883889 
2311	114.00027524241592 
2312	114.00027524241594 
2313	114.00026680053426 
2314	114.00026075458811 
2315	114.00023852435234 
2316	114.00023852435234 
2317	114.00014192717967 
2318	114.00014192717967 
2319	114.00014259541587 
2320	114.00014368686911 
2321	114.00014368686911 
2322	114.00009715463108 
2323	114.0000954138348 
2324	114.00009325132123 
2325	114.00009325132183 
2326	114.00007867287653 
2327	114.00009590194824 
2328	114.00009590194824 
2329	114.00009590194838 
2330	114.00009590194878 
2331	114.00011767495153 
2332	114.000098355517 
2333	114.00009907885968 
2334	114.00009907885976 
2335	114.00010339739313 
2336	114.00010339739313 
2337	114.00010339739315 
2338	114.00010339739318 
2339	114.00009930936248 
2340	114.00009930936268 
2341	114.00017669105092 
2342	114.0001733777679 
2343	114.0001733777679 
2344	114.00017470308116 
2345	114.00017550013088 
2346	114.00017550013088 
2347	114.00015992770068 
2348	114.00015992770068 
2349	114.00015992770068 
2350	114.00015992770068 
2351	114.00015992770068 
2352	114.00015992770068 
2353	114.00015992770068 
2354	114.00015992770068 
2355	114.00015992770068 
2356	114.00015992770068 
2357	114.00015992770068 
2358	114.00015992770068 
2359	114.00015992770068 
2360	114.00015992770068 
2361	114.00015992770068 
2362	114.00015992770068 
2363	114.00015992770068 
2364	114.00015992770068 
2365	114.00015992770068 
2366	114.00015992770068 
2367	114.00015992770068 
2368	114.00015992770068 
2369	114.00015992770068 
2370	114.00015992770068 
2371	114.00015992770068 
2372	114.00015992770068 
2373	114.00015992770068 
2374	114.00015992770068 
2375	114.00015992770068 
2376	114.00015992770068 
2377	114.00015992770068 
2378	114.00015992770068 
2379	114.00015992770068 
2380	114.00015992770074 
2381	114.0001279876524 
2382	114.00012999236091 
2383	114.00012836885224 
2384	114.0001273507657 
2385	114.00012781853101 
2386	114.00011692571547 
2387	114.00012713062719 
2388	114.00012713062719 
2389	114.00012680319145 
2390	114.00012301651981 
2391	114.00012515572413 
2392	114.00012481879278 
2393	114.00012481879278 
2394	114.00012435493315 
2395	114.00012435493318 
2396	114.00012437111937 
2397	114.00012130964586 
2398	114.0001077860417 
2399	114.0001069074332 
2400	114.00010427235523 
2401	114.00010602101793 
2402	114.00012126211985 
2403	114.00011084847131 
2404	114.00011084847131 
2405	114.00011084847131 
2406	114.00011084847145 
2407	114.00010370503327 
2408	114.00010290951401 
2409	114.00009778637 
2410	114.00009778637003 
2411	114.00009778637012 
2412	114.0000991896661 
2413	114.00009863280263 
2414	114.00009830810089 
2415	114.00009830810089 
2416	114.00009830810089 
2417	114.00009830810089 
2418	114.00009830810089 
2419	114.00009830810089 
2420	114.00009830810089 
2421	114.00009830810089 
2422	114.00009830810089 
2423	114.00009830810089 
2424	114.00009830810089 
2425	114.00009830810089 
2426	114.00009830810089 
2427	114.00009830810089 
2428	114.00009830810089 
2429	114.00009830810089 
2430	114.00009830810089 
2431	114.00009793034289 
2432	114.00009793034295 
2433	114.00009793034295 
2434	114.0000305966547 
2435	114.00003043621119 
2436	114.00003136393046 
2437	114.00002215769005 
2438	114.00002715809678 
2439	114.0000269673252 
2440	114.00002674003397 
2441	114.00002684092621 
2442	114.00002002218974 
2443	114.00002352247446 
2444	114.00002352247446 
2445	114.0000231372496 
2446	114.0000212817805 
2447	114.00002232999063 
2448	114.00003544896126 
2449	114.00004723644835 
2450	114.00004821055356 
2451	114.00004828117812 
2452	114.00004828117818 
2453	114.00009544324467 
2454	114.00009558256767 
2455	114.00009542346382 
2456	114.00009542346382 
2457	114.00009543139507 
2458	114.00009641370224 
2459	114.00004908108762 
2460	114.00004869911977 
2461	114.00004869911979 
2462	114.00004869911982 
2463	114.00005041425932 
2464	114.00004104526249 
2465	114.00004104526249 
2466	114.00003974643411 
2467	114.00003534768678 
2468	114.0000360353018 
2469	113.99999640843684 
2470	113.99999621967665 
2471	113.99999644888165 
2472	113.99999717469753 
2473	113.99999717469753 
2474	113.99997398171637 
2475	113.99997398171637 
2476	113.99997398171637 
2477	113.99997398171637 
2478	113.99997398171637 
2479	113.99997398171637 
2480	113.99997398171637 
2481	113.99997398171637 
2482	113.99997398171637 
2483	113.99997398171637 
2484	113.99997398171637 
2485	113.99997398171637 
2486	113.99997398171637 
2487	113.99997398171637 
2488	113.99997398171637 
2489	113.99997398171637 
2490	113.99997398171637 
2491	113.99997398171637 
2492	113.99997398171637 
2493	113.99997398171637 
2494	113.99997398171637 
2495	113.99997398171637 
2496	113.99997398171637 
2497	113.99997398171637 
2498	113.99997398171637 
2499	113.99997468055703 
2500	113.99997537581224 
2501	113.99997585714276 
2502	113.99997131131846 
2503	113.99997188181942 
2504	113.99997097263955 
2505	113.99997097819141 
2506	114.00000749192267 
2507	114.00000749192267 
2508	114.00000735979054 
2509	114.00000528603097 
2510	114.00000564168074 
2511	114.0000068422784 
2512	114.00001528452354 
2513	114.00001169832275 
2514	114.00001328936126 
2515	114.00000150593526 
2516	114.00000897407519 
2517	114.00000234750914 
2518	114.0000018143094 
2519	114.0000018143094 
2520	114.0000018143094 
2521	114.0000018143094 
2522	114.0000018143094 
2523	114.0000018143094 
2524	114.0000018143094 
2525	114.0000018143094 
2526	114.0000018143094 
2527	114.0000018143094 
2528	114.0000018143094 
2529	114.0000018143094 
2530	114.0000018143094 
2531	114.0000018143094 
2532	114.0000018143094 
2533	114.0000018143094 
2534	114.0000018143094 
2535	114.0000018143094 
2536	114.0000018143094 
2537	114.0000018143094 
2538	114.0000018143094 
2539	114.0000018143094 
2540	114.0000018143094 
2541	114.0000018143094 
2542	114.0000018143094 
2543	114.0000018143094 
2544	114.0000018143094 
2545	114.0000018143094 
2546	114.0000018143094 
2547	114.0000018143094 
2548	114.0000018143094 
2549	114.0000018143094 
2550	114.00000206326425 
2551	114.00002762287613 
2552	114.0000276911444 
2553	114.0000276911444 
2554	114.0000276911444 
2555	114.00002782217328 
2556	114.00002516230691 
2557	114.00002497130274 
2558	114.00002539358218 
2559	114.00002666775262 
2560	114.00002667163892 
2561	114.00004456336725 
2562	114.00004456336725 
2563	114.00004447087477 
2564	114.00004492545719 
2565	114.00004527923511 
2566	114.00004527923511 
2567	114.00004527923511 
2568	114.00004527923511 
2569	114.00004605884399 
2570	114.00004372001737 
2571	114.00004372001737 
2572	114.00004358631446 
2573	114.00004107597391 
2574	114.00003962434221 
2575	114.00003798716358 
2576	114.00003612525711 
2577	114.00003148666087 
2578	114.0000317428181 
2579	114.00003206102579 
2580	114.00003091500074 
2581	114.00003067914881 
2582	114.00003067914881 
2583	114.00003067914881 
2584	114.00003093650022 
2585	114.0000301342827 
2586	114.00003577378564 
2587	114.00003252676828 
2588	114.00003215398797 
2589	114.00003215398797 
2590	114.00003215398797 
2591	114.00003215398797 
2592	114.00003215398797 
2593	114.00003215398797 
2594	114.00003215398797 
2595	114.00003215398797 
2596	114.00003215398797 
2597	114.00003215398797 
2598	114.00003215398797 
2599	114.00003215398797 
2600	114.00003215398797 
2601	114.00003215398797 
2602	114.00003215398797 
2603	114.00003215398797 
2604	114.00003215398797 
2605	114.00003215398797 
2606	114.00003215398797 
2607	114.00003215398797 
2608	114.00003215398797 
2609	114.00003215398797 
2610	114.00003215398797 
2611	114.00003215398797 
2612	114.00003215398797 
2613	114.00003215398797 
2614	114.00003215398797 
2615	114.00003215398797 
2616	114.00003215398797 
2617	114.00003215398797 
2618	114.00003215398797 
2619	114.00003215398797 
2620	114.00003215398797 
2621	114.00003215398797 
2622	114.00003215398797 
2623	114.00003233413395 
2624	114.0000317725817 
2625	114.00003210951306 
2626	114.00003210951306 
2627	114.00003204476832 
2628	114.00003215707878 
2629	114.00003215707878 
2630	114.00003044193926 
2631	114.00003044193926 
2632	114.00002868470088 
2633	114.00002804827497 
2634	114.00002213870337 
2635	114.00002213870337 
2636	114.00001986579122 
2637	114.00001982726874 
2638	114.00001882808348 
2639	114.0000147555875 
2640	114.0000182498797 
2641	114.00001665884119 
2642	114.00001542877433 
2643	114.00001542877433 
2644	114.00001253308426 
2645	114.0000113324866 
2646	114.00001724205819 
2647	114.00001721509247 
2648	114.00001722696234 
2649	114.00001745534564 
2650	114.00002030518112 
2651	114.0000243482892 
2652	114.0000241066678 
2653	114.00002294987011 
2654	114.00002312413851 
2655	114.000023244423 
2656	114.00002317890858 
2657	114.00002313358726 
2658	114.00002314189618 
2659	114.00002326388406 
2660	114.00002505698444 
2661	114.00002505698444 
2662	114.00002505698444 
2663	114.00002516612969 
2664	114.00002519758971 
2665	114.00002519758971 
2666	114.0000251517296 
2667	114.00002413476102 
2668	114.00002428978001 
2669	114.00002402510171 
2670	114.00002394420449 
2671	114.00002283047753 
2672	114.00002246162741 
2673	114.00002214977873 
2674	114.00002012279568 
2675	114.0000204896765 
2676	114.0000204896765 
2677	114.0000204896765 
2678	114.00002054470862 
2679	114.00002054470862 
2680	114.00002054470862 
2681	114.00002054470862 
2682	114.00002054470862 
2683	114.00002054470862 
2684	114.00002054470862 
2685	114.00002054470862 
2686	114.00002054470862 
2687	114.00002054470862 
2688	114.00002054470862 
2689	114.00002054470862 
2690	114.00002054470862 
2691	114.00002054470862 
2692	114.00002054470862 
2693	114.00002054470862 
2694	114.00002054470862 
2695	114.00002054470862 
2696	114.00002054470862 
2697	114.00002054470862 
2698	114.00002054470862 
2699	114.00002054470862 
2700	114.00002054470862 
2701	114.00002054470862 
2702	114.00002054470862 
2703	114.00002054470862 
2704	114.00002054470862 
2705	114.00002054470862 
2706	114.00002054470862 
2707	114.00002054470862 
2708	114.00002054470862 
2709	114.00002054470862 
2710	114.00002054470862 
2711	114.00002174325084 
2712	114.00000840385411 
2713	114.0000083906409 
2714	114.00000842916339 
2715	114.00000842916339 
2716	114.0000085050912 
2717	114.0000053230142 
2718	114.0000053230142 
2719	114.00000537649535 
2720	114.00000539851737 
2721	114.00000539851737 
2722	114.0000046189085 
2723	114.00000460965926 
2724	114.00000460965926 
2725	114.00000469954507 
2726	114.00000469954507 
2727	114.00000469954507 
2728	114.00000424590719 
2729	114.00000457333933 
2730	114.00000458875475 
2731	114.00000372058862 
2732	114.00000574757169 
2733	114.00000572536425 
2734	114.0000057897668 
